[app/ui]
version = 9.1.4
modtime = 1725082464.664308000

[app/launcher]
version = 9.1.4
modtime = 1725082464.681838000

[views/hidebutton]
owner = admin
version = 9.1.4
modtime = 1725089108.258301000
